grad =

   0.15835   0.22155  -0.10491

g =

   0.72077
   0.86163
   0.77867
   0.44034
   0.21634
   0.28469
   0.62749
   0.84743
   0.82653
   0.55040
   0.24735
   0.23597
   0.51824
   0.81512
   0.85322
   0.65659
   0.30368
   0.21165
   0.41063
   0.76032

g =

   0.72077
   0.86163
   0.77867
   0.44034
   0.21634
   0.28469
   0.62749
   0.84743
   0.82653
   0.55040
   0.24735
   0.23597
   0.51824
   0.81512
   0.85322
   0.65659
   0.30368
   0.21165
   0.41063
   0.76032

g =

   0.72077
   0.86163
   0.77867
   0.44034
   0.21634
   0.28469
   0.62749
   0.84743
   0.82653
   0.55040
   0.24735
   0.23597
   0.51824
   0.81512
   0.85322
   0.65659
   0.30368
   0.21165
   0.41063
   0.76032

== 
==                                   Part Name |     Score | Feedback
==                                   --------- |     ----- | --------
==                            Sigmoid Function |   5 /   5 | Nice work!
==                    Logistic Regression Cost |  30 /  30 | Nice work!
==                Logistic Regression Gradient |  30 /  30 | Nice work!
==                                     Predict |   5 /   5 | Nice work!
==        Regularized Logistic Regression Cost |  15 /  15 | Nice work!
==    Regularized Logistic Regression Gradient |   0 /  15 | 
==                                   --------------------------------
==                                             |  85 / 100 | 
== 
